[gd_scene load_steps=4 format=3 uid="uid://b6m7l1jtigbgj"]

[ext_resource type="PackedScene" uid="uid://c4ashr7rnqhre" path="res://assets/adventurers/Knight.glb" id="1_b2x1j"]
[ext_resource type="Script" path="res://scripts/framework/character_model.gd" id="2_8wwlq"]
[ext_resource type="AnimationNodeBlendTree" uid="uid://brovcjtlg48rv" path="res://assets/adventurers/adventurer_blend_tree.tres" id="3_e1wwt"]

[node name="BaseKnightModel" node_paths=PackedStringArray("anim_tree") instance=ExtResource("1_b2x1j")]
script = ExtResource("2_8wwlq")
anim_tree = NodePath("AnimationTree")

[node name="Skeleton3D" parent="Rig" index="0"]
bones/1/position = Vector3(0, 0.375312, 0)
bones/1/rotation = Quaternion(-1.11123e-10, 0.0431578, 2.57241e-09, 0.999068)
bones/4/rotation = Quaternion(-0.551228, -0.0613169, -0.653556, 0.515027)
bones/5/rotation = Quaternion(3.25457e-08, -6.27844e-08, -0.484461, 0.874813)
bones/7/rotation = Quaternion(-0.317318, -0.332117, 0.137042, 0.877626)
bones/8/rotation = Quaternion(0.00160541, 0.0016054, -0.701188, 0.712973)
bones/14/rotation = Quaternion(-0.610615, 0.0815455, 0.626966, 0.47688)
bones/15/rotation = Quaternion(-1.68685e-09, 4.33008e-08, 0.508148, 0.86127)
bones/17/rotation = Quaternion(-0.316069, 0.306629, -0.218834, 0.870741)
bones/18/rotation = Quaternion(0.00439845, 0.00518073, 0.702517, 0.711635)
bones/21/rotation = Quaternion(-5.80608e-11, -0.0313417, -1.88012e-09, 0.999509)
bones/24/rotation = Quaternion(0.990917, 0.083314, 0.0777207, 0.0714286)
bones/25/rotation = Quaternion(0.353729, 6.55793e-08, -2.53305e-07, 0.935348)
bones/26/rotation = Quaternion(-0.599856, -0.203208, 0.0692978, 0.770764)
bones/28/rotation = Quaternion(0.993072, -0.0324004, 0.0302003, 0.108838)
bones/29/rotation = Quaternion(0.402423, -6.01157e-08, 2.80867e-07, 0.915454)
bones/30/rotation = Quaternion(-0.627643, 0.113128, -0.0198712, 0.769982)
bones/31/rotation = Quaternion(3.04791e-08, 0.920355, -0.391084, -6.94849e-08)
bones/32/rotation = Quaternion(0.707107, -2.29302e-07, -4.60552e-08, 0.707107)
bones/33/position = Vector3(0.202182, 0.0259903, 0.205181)
bones/33/rotation = Quaternion(-0.707107, -7.05285e-08, -7.05285e-08, 0.707107)
bones/34/rotation = Quaternion(9.65792e-09, 1.77955e-09, 0.985719, -0.168398)
bones/35/rotation = Quaternion(-1.04035e-07, 0.391084, 0.920355, -2.9526e-08)
bones/37/rotation = Quaternion(1, -3.10863e-15, 1.94707e-07, -6.91739e-22)
bones/39/rotation = Quaternion(0.707107, -3.82385e-08, 1.45009e-07, 0.707107)
bones/40/rotation = Quaternion(-0.707107, -7.05285e-08, -7.05285e-08, 0.707107)
bones/41/rotation = Quaternion(-5.83589e-09, 6.43837e-10, 0.994809, 0.101756)
bones/42/rotation = Quaternion(-1.04035e-07, 0.391084, 0.920355, -2.95261e-08)
bones/47/position = Vector3(0.520841, 0.7678, -0.0576374)
bones/47/rotation = Quaternion(0.794627, -1.11759e-07, 0.607098, -5.96046e-08)
bones/49/position = Vector3(-0.510844, 0.7678, 0.0597369)
bones/49/rotation = Quaternion(-0.758253, -1.52737e-07, 0.651961, -1.11759e-08)

[node name="1H_Sword_Offhand" parent="Rig/Skeleton3D" index="0"]
transform = Transform3D(5.13021e-05, 0.262842, 0.964838, 0.999848, -0.016747, 0.00450939, 0.0173436, 0.964693, -0.262803, 0.511784, 0.614834, -0.00301759)
visible = false

[node name="Badge_Shield" parent="Rig/Skeleton3D" index="1"]
transform = Transform3D(5.13244e-05, 0.262841, 0.964838, 0.999848, -0.0167495, 0.00451006, 0.0173463, 0.964693, -0.262803, 0.662188, 0.615537, -0.0439847)
visible = false

[node name="Rectangle_Shield" parent="Rig/Skeleton3D" index="2"]
transform = Transform3D(5.13244e-05, 0.262841, 0.964838, 0.999848, -0.0167495, 0.00451006, 0.0173463, 0.964693, -0.262803, 0.662188, 0.615537, -0.0439847)
visible = false

[node name="Round_Shield" parent="Rig/Skeleton3D" index="3"]
transform = Transform3D(5.13244e-05, 0.262841, 0.964838, 0.999848, -0.0167495, 0.00451006, 0.0173463, 0.964693, -0.262803, 0.662188, 0.615537, -0.0439847)
visible = false

[node name="Spike_Shield" parent="Rig/Skeleton3D" index="4"]
transform = Transform3D(5.13244e-05, 0.262841, 0.964838, 0.999848, -0.0167495, 0.00451006, 0.0173463, 0.964693, -0.262803, 0.662188, 0.615537, -0.0439847)
visible = false

[node name="1H_Sword" parent="Rig/Skeleton3D" index="5"]
transform = Transform3D(-0.00311112, -0.163256, 0.986578, 0.999916, -0.0128991, 0.00101848, 0.0125599, 0.986499, 0.163283, -0.496189, 0.618868, 0.13858)

[node name="2H_Sword" parent="Rig/Skeleton3D" index="6"]
transform = Transform3D(-0.00311114, -0.163256, 0.986578, 0.999916, -0.0128991, 0.00101849, 0.0125599, 0.986499, 0.163283, -0.496189, 0.618868, 0.13858)
visible = false

[node name="Knight_Helmet" parent="Rig/Skeleton3D" index="7"]
transform = Transform3D(0.99972, -1.40143e-09, 0.0236466, 1.39341e-09, 1, 3.55686e-10, -0.0236466, -3.22637e-10, 0.99972, 4.69869e-07, 1.18554, -1.19779e-07)

[node name="Knight_Cape" parent="Rig/Skeleton3D" index="8"]
transform = Transform3D(0.996275, -5.14962e-09, 0.0862353, 5.13043e-09, 1, 4.44077e-10, -0.0862353, 1.8939e-15, 0.996275, -1.63023e-08, 1.18554, -1.40136e-07)
visible = false

[node name="AnimationTree" type="AnimationTree" parent="." index="2"]
tree_root = ExtResource("3_e1wwt")
anim_player = NodePath("../AnimationPlayer")
parameters/action/current_state = ""
parameters/action/transition_request = ""
parameters/action/current_index = -1
parameters/action_shot/active = false
parameters/action_shot/internal_active = false
parameters/action_shot/request = 0
parameters/idle_variant/current_state = "idle"
parameters/idle_variant/transition_request = ""
parameters/idle_variant/current_index = 0
parameters/state/current_state = "idle"
parameters/state/transition_request = ""
parameters/state/current_index = 0
