[gd_scene load_steps=2 format=3 uid="uid://dw3pqa5ftv44o"]

[ext_resource type="PackedScene" uid="uid://b6m7l1jtigbgj" path="res://scenes/adventurers/models/base_knight_model.tscn" id="1_47tg6"]

[node name="EliteKnightModel" instance=ExtResource("1_47tg6")]

[node name="1H_Sword_Offhand" parent="Rig/Skeleton3D" index="0"]
transform = Transform3D(2.65221e-08, 0.262865, 0.964832, 0.999999, -5.33634e-07, 5.38426e-07, 8.70782e-07, 0.964832, -0.262865, 0.51224, 0.636705, -0.00210784)

[node name="Badge_Shield" parent="Rig/Skeleton3D" index="1"]
transform = Transform3D(4.89419e-08, 0.262864, 0.964832, 0.999999, -3.06881e-06, 1.20589e-06, 3.49226e-06, 0.964832, -0.262864, 0.662643, 0.636706, -0.0430846)

[node name="Rectangle_Shield" parent="Rig/Skeleton3D" index="2"]
transform = Transform3D(4.89419e-08, 0.262864, 0.964832, 0.999999, -3.06881e-06, 1.20589e-06, 3.49226e-06, 0.964832, -0.262864, 0.662643, 0.636706, -0.0430846)
visible = true

[node name="Round_Shield" parent="Rig/Skeleton3D" index="3"]
transform = Transform3D(4.89419e-08, 0.262864, 0.964832, 0.999999, -3.06881e-06, 1.20589e-06, 3.49226e-06, 0.964832, -0.262864, 0.662643, 0.636706, -0.0430846)

[node name="Spike_Shield" parent="Rig/Skeleton3D" index="4"]
transform = Transform3D(4.89419e-08, 0.262864, 0.964832, 0.999999, -3.06881e-06, 1.20589e-06, 3.49226e-06, 0.964832, -0.262864, 0.662643, 0.636706, -0.0430846)

[node name="1H_Sword" parent="Rig/Skeleton3D" index="5"]
transform = Transform3D(4.37053e-07, -0.149893, 0.988701, 0.999999, -9.21064e-07, -8.64267e-07, 1.3353e-06, 0.988702, 0.149894, -0.496054, 0.64103, 0.139528)

[node name="2H_Sword" parent="Rig/Skeleton3D" index="6"]
transform = Transform3D(4.21314e-07, -0.149893, 0.988701, 0.999999, -9.35798e-07, -8.50581e-07, 1.34781e-06, 0.988702, 0.149894, -0.496054, 0.64103, 0.139528)

[node name="Knight_Helmet" parent="Rig/Skeleton3D" index="7"]
transform = Transform3D(0.99972, -1.40145e-09, 0.0236468, 1.39343e-09, 1, 3.55687e-10, -0.0236468, -3.22638e-10, 0.99972, 4.69869e-07, 1.20229, -1.19779e-07)

[node name="Knight_Cape" parent="Rig/Skeleton3D" index="8"]
transform = Transform3D(0.996275, -5.14962e-09, 0.0862354, 5.13044e-09, 1, 4.44078e-10, -0.0862354, 1.46374e-15, 0.996275, -1.63023e-08, 1.20229, -1.40136e-07)
visible = true
