[gd_scene load_steps=3 format=3 uid="uid://cfx8lqlj473x4"]

[ext_resource type="PackedScene" uid="uid://ciq2ouky31wux" path="res://assets/adventurers/Mage.glb" id="1_8usee"]
[ext_resource type="Script" path="res://scripts/framework/character_model.gd" id="2_ajl8a"]

[node name="BaseMageModel" instance=ExtResource("1_8usee")]
script = ExtResource("2_ajl8a")

[node name="Skeleton3D" parent="Rig" index="0"]
bones/1/position = Vector3(0, 0.392064, 0)
bones/1/rotation = Quaternion(-1.11123e-10, 0.0431578, 2.57241e-09, 0.999068)
bones/2/rotation = Quaternion(-6.93889e-18, 7.10543e-15, 4.93038e-32, 1)
bones/3/rotation = Quaternion(8.27181e-25, 3.72529e-09, 0, 1)
bones/4/rotation = Quaternion(-0.559906, -0.0608803, -0.643974, 0.517779)
bones/5/rotation = Quaternion(3.65498e-08, -4.88301e-08, -0.494719, 0.869053)
bones/7/rotation = Quaternion(-0.321065, -0.325319, 0.145726, 0.87741)
bones/8/rotation = Quaternion(-3.6586e-09, 6.87811e-09, -0.707107, 0.707107)
bones/11/rotation = Quaternion(-0.768256, 0.0941877, 0.503459, 0.383979)
bones/12/rotation = Quaternion(2.02852e-08, 6.39264e-08, 0.517939, 0.855417)
bones/14/rotation = Quaternion(-0.352221, 0.108902, -0.310808, 0.876059)
bones/15/position = Vector3(1.40663e-08, 0.0961251, -0.0575)
bones/15/rotation = Quaternion(1.60974e-09, -1.60973e-09, 0.707107, 0.707107)
bones/18/rotation = Quaternion(-5.80608e-11, -0.0313417, -1.88012e-09, 0.999509)
bones/21/rotation = Quaternion(0.993715, 0.0837146, 0.0735038, 0.0109185)
bones/22/rotation = Quaternion(0.195602, 6.26228e-08, -1.32239e-07, 0.980683)
bones/23/rotation = Quaternion(-0.517564, -0.209497, 0.0436549, 0.828452)
bones/25/rotation = Quaternion(0.997322, -0.0294574, 0.0315293, 0.0590483)
bones/26/rotation = Quaternion(0.274008, -6.38135e-08, 1.92761e-07, 0.961727)
bones/27/rotation = Quaternion(-0.559039, 0.114513, -0.00862763, 0.82115)
bones/28/rotation = Quaternion(3.04791e-08, 0.920355, -0.391084, -6.94849e-08)
bones/29/rotation = Quaternion(0.707107, -2.29302e-07, -4.60552e-08, 0.707107)
bones/30/position = Vector3(0.202182, 0.0259903, 0.205181)
bones/30/rotation = Quaternion(-0.707107, -7.05285e-08, -7.05285e-08, 0.707107)
bones/31/rotation = Quaternion(9.65792e-09, 1.77955e-09, 0.985719, -0.168398)
bones/32/rotation = Quaternion(-1.04035e-07, 0.391084, 0.920355, -2.9526e-08)
bones/34/rotation = Quaternion(1, -3.10863e-15, 1.94707e-07, -6.91739e-22)
bones/36/rotation = Quaternion(0.707107, -3.82385e-08, 1.45009e-07, 0.707107)
bones/37/rotation = Quaternion(-0.707107, -7.05285e-08, -7.05285e-08, 0.707107)
bones/38/rotation = Quaternion(-5.83589e-09, 6.43837e-10, 0.994809, 0.101756)
bones/39/rotation = Quaternion(-1.04035e-07, 0.391084, 0.920355, -2.95261e-08)
bones/44/position = Vector3(0.520841, 0.788312, -0.0576373)
bones/44/rotation = Quaternion(0.794627, -1.11759e-07, 0.607098, -5.96046e-08)
bones/45/position = Vector3(-0.453507, 0.718514, -0.588859)
bones/46/position = Vector3(-0.510844, 0.788312, 0.0597369)
bones/46/rotation = Quaternion(-0.758253, -1.52737e-07, 0.651961, -1.11759e-08)

[node name="Spellbook" parent="Rig/Skeleton3D" index="0"]
transform = Transform3D(-2.23029e-08, 0.964832, 0.262863, -0.999999, 3.1474e-07, -3.84623e-07, -5.92491e-07, -0.262863, 0.964833, 0.577621, 0.636705, 0.237873)

[node name="Spellbook_open" parent="Rig/Skeleton3D" index="1"]
transform = Transform3D(-2.23029e-08, 0.964832, 0.262863, -0.999999, 3.1474e-07, -3.84623e-07, -5.92491e-07, -0.262863, 0.964833, 0.545985, 0.636705, 0.121754)
visible = false

[node name="1H_Wand" parent="Rig/Skeleton3D" index="2"]
transform = Transform3D(-5.28554e-07, -0.149894, 0.988701, 0.999999, -4.88931e-07, 1.78814e-07, 7.18247e-07, 0.988702, 0.149894, -0.500988, 0.650927, 0.107631)

[node name="2H_Staff" parent="Rig/Skeleton3D" index="3"]
transform = Transform3D(-5.28554e-07, -0.149894, 0.988701, 0.999999, -4.88931e-07, 1.78814e-07, 7.18247e-07, 0.988702, 0.149894, -0.500988, 0.650927, 0.107631)
visible = false

[node name="Mage_Hat" parent="Rig/Skeleton3D" index="4"]
transform = Transform3D(0.99972, -0.00612019, 0.0228409, 1.39341e-09, 0.965926, 0.258819, -0.0236466, -0.258747, 0.965656, -7.48419e-09, 1.7705, -1.02479e-07)
visible = false

[node name="Mage_Cape" parent="Rig/Skeleton3D" index="5"]
transform = Transform3D(0.996275, -5.14962e-09, 0.0862353, 5.13043e-09, 1, 4.44077e-10, -0.0862353, 1.88007e-15, 0.996275, -1.2997e-08, 1.20227, -1.01951e-07)
visible = false
