[gd_scene load_steps=3 format=3 uid="uid://b1orbla0kfvgo"]

[ext_resource type="PackedScene" uid="uid://dueu8xmchyuba" path="res://assets/adventurers/Barbarian.glb" id="1_i68k3"]
[ext_resource type="AnimationNodeBlendTree" uid="uid://brovcjtlg48rv" path="res://assets/adventurers/adventurer_blend_tree.tres" id="2_1y8wh"]

[node name="BaseBarbarianModel" instance=ExtResource("1_i68k3")]

[node name="Skeleton3D" parent="Rig" index="0"]
bones/1/position = Vector3(0, 0.375075, 0)
bones/1/rotation = Quaternion(-1.11123e-10, 0.0431578, 2.57241e-09, 0.999068)
bones/4/rotation = Quaternion(-0.553998, -0.057117, -0.63757, 0.532286)
bones/5/rotation = Quaternion(8.20019e-09, -5.67624e-08, -0.51401, 0.857784)
bones/7/rotation = Quaternion(-0.321874, -0.335709, 0.150432, 0.872391)
bones/8/rotation = Quaternion(0.000626108, 0.000626097, -0.704805, 0.709401)
bones/11/rotation = Quaternion(-0.612417, 0.0774881, 0.612988, 0.49314)
bones/12/rotation = Quaternion(2.70823e-08, 5.75154e-08, 0.536443, 0.843937)
bones/14/rotation = Quaternion(-0.320744, 0.311841, -0.232524, 0.863604)
bones/15/rotation = Quaternion(0.0020034, 0.00235971, 0.705024, 0.709177)
bones/19/rotation = Quaternion(-5.80608e-11, -0.0313417, -1.88012e-09, 0.999509)
bones/22/rotation = Quaternion(0.990866, 0.0833274, 0.077763, 0.0720628)
bones/23/rotation = Quaternion(0.355404, 6.52047e-08, -2.53494e-07, 0.934713)
bones/24/rotation = Quaternion(-0.600733, -0.203117, 0.0695941, 0.770078)
bones/26/rotation = Quaternion(0.993009, -0.0324387, 0.0301844, 0.109407)
bones/27/rotation = Quaternion(0.4039, -6.01139e-08, 2.81713e-07, 0.914803)
bones/28/rotation = Quaternion(-0.62844, 0.113104, -0.0200095, 0.769332)
bones/29/rotation = Quaternion(3.04791e-08, 0.920355, -0.391084, -6.94849e-08)
bones/30/rotation = Quaternion(0.707107, -2.29302e-07, -4.60552e-08, 0.707107)
bones/31/position = Vector3(0.202182, 0.0259903, 0.205181)
bones/31/rotation = Quaternion(-0.707107, -7.05285e-08, -7.05285e-08, 0.707107)
bones/32/rotation = Quaternion(9.65792e-09, 1.77955e-09, 0.985719, -0.168398)
bones/33/rotation = Quaternion(-1.04035e-07, 0.391084, 0.920355, -2.9526e-08)
bones/35/rotation = Quaternion(1, -3.10863e-15, 1.94707e-07, -6.91739e-22)
bones/37/rotation = Quaternion(0.707107, -3.82385e-08, 1.45009e-07, 0.707107)
bones/38/rotation = Quaternion(-0.707107, -7.05285e-08, -7.05285e-08, 0.707107)
bones/39/rotation = Quaternion(-5.83589e-09, 6.43837e-10, 0.994809, 0.101756)
bones/40/rotation = Quaternion(-1.04035e-07, 0.391084, 0.920355, -2.95261e-08)
bones/45/position = Vector3(0.520841, 0.779451, -0.0576374)
bones/45/rotation = Quaternion(0.794627, -1.11759e-07, 0.607098, -5.96046e-08)
bones/47/position = Vector3(-0.510844, 0.779451, 0.0597369)
bones/47/rotation = Quaternion(-0.758253, -1.52737e-07, 0.651961, -1.11759e-08)

[node name="1H_Axe_Offhand" parent="Rig/Skeleton3D" index="0"]
transform = Transform3D(4.07547e-07, 0.262863, 0.964832, 0.999977, -0.0064996, 0.00177066, 0.00673666, 0.964811, -0.262857, 0.516229, 0.627925, 0.0147663)
visible = false

[node name="Barbarian_Round_Shield" parent="Rig/Skeleton3D" index="1"]
transform = Transform3D(1.96056e-07, 0.262863, 0.964833, 0.999977, -0.00650212, 0.00177157, 0.00673933, 0.964811, -0.262857, 0.662348, 0.628307, -0.041933)
visible = false

[node name="1H_Axe" parent="Rig/Skeleton3D" index="2"]
transform = Transform3D(-0.00139606, -0.155988, 0.987757, 0.999982, -0.00587419, 0.000485345, 0.0057269, 0.987741, 0.155994, -0.495706, 0.632487, 0.14065)
visible = false

[node name="2H_Axe" parent="Rig/Skeleton3D" index="3"]
transform = Transform3D(-0.00139606, -0.155988, 0.987757, 0.999982, -0.00587419, 0.000485345, 0.0057269, 0.987741, 0.155994, -0.495706, 0.632487, 0.14065)

[node name="Mug" parent="Rig/Skeleton3D" index="4"]
transform = Transform3D(-0.00139606, -0.155988, 0.987757, 0.999982, -0.00587419, 0.000485345, 0.0057269, 0.987741, 0.155994, -0.487652, 0.332214, 0.0905827)
visible = false

[node name="Barbarian_Hat" parent="Rig/Skeleton3D" index="5"]
transform = Transform3D(0.99972, -1.40143e-09, 0.0236466, 1.39341e-09, 1, 3.55686e-10, -0.0236466, -3.22637e-10, 0.99972, -7.55726e-09, 1.18529, -1.39052e-07)
visible = false

[node name="Barbarian_Cape" parent="Rig/Skeleton3D" index="6"]
transform = Transform3D(0.996275, -5.14962e-09, 0.0862353, 5.13043e-09, 1, 4.44077e-10, -0.0862353, 1.8939e-15, 0.996275, -1.91641e-06, 1.18529, 2.59003e-08)

[node name="AnimationTree" type="AnimationTree" parent="." index="2"]
tree_root = ExtResource("2_1y8wh")
anim_player = NodePath("../AnimationPlayer")
parameters/action/current_state = ""
parameters/action/transition_request = "h1_melee_1"
parameters/action/current_index = -1
parameters/action_shot/active = false
parameters/action_shot/internal_active = false
parameters/action_shot/request = 0
parameters/idle_variant/current_state = "idle"
parameters/idle_variant/transition_request = ""
parameters/idle_variant/current_index = 0
parameters/state/current_state = "idle"
parameters/state/transition_request = ""
parameters/state/current_index = 0
