[gd_scene load_steps=4 format=3 uid="uid://b6m7l1jtigbgj"]

[ext_resource type="PackedScene" uid="uid://c4ashr7rnqhre" path="res://assets/adventurers/Knight.glb" id="1_b2x1j"]
[ext_resource type="Script" path="res://src/framework/character_model.gd" id="2_8wwlq"]
[ext_resource type="AnimationNodeBlendTree" uid="uid://brovcjtlg48rv" path="res://assets/adventurers/adventurer_blend_tree.tres" id="3_e1wwt"]

[node name="BaseKnightModel" node_paths=PackedStringArray("anim_tree") instance=ExtResource("1_b2x1j")]
script = ExtResource("2_8wwlq")
anim_tree = NodePath("AnimationTree")

[node name="Skeleton3D" parent="Rig" index="0"]
bones/1/position = Vector3(0, 0.390872, 0)
bones/1/rotation = Quaternion(-1.11123e-10, 0.0431578, 2.57241e-09, 0.999068)
bones/4/rotation = Quaternion(-0.558898, -0.0614704, -0.646686, 0.515413)
bones/5/rotation = Quaternion(2.00605e-08, -4.10905e-08, -0.490184, 0.871619)
bones/7/rotation = Quaternion(-0.320211, -0.325383, 0.143344, 0.878091)
bones/8/rotation = Quaternion(0.000381272, 0.000381241, -0.705706, 0.708505)
bones/14/rotation = Quaternion(-0.61744, 0.081329, 0.620416, 0.476694)
bones/15/rotation = Quaternion(2.05442e-08, 5.50746e-08, 0.513609, 0.858025)
bones/17/rotation = Quaternion(-0.318468, 0.300329, -0.224957, 0.870503)
bones/18/rotation = Quaternion(0.00068569, 0.000807639, 0.706395, 0.707817)
bones/21/rotation = Quaternion(-5.80608e-11, -0.0313417, -1.88012e-09, 0.999509)
bones/24/rotation = Quaternion(0.993613, 0.083557, 0.0739386, 0.0168828)
bones/25/rotation = Quaternion(0.211085, 6.49503e-08, -1.38697e-07, 0.977468)
bones/26/rotation = Quaternion(-0.525613, -0.209042, 0.0459957, 0.823357)
bones/28/rotation = Quaternion(0.99705, -0.0296906, 0.0314162, 0.0634344)
bones/29/rotation = Quaternion(0.285285, -6.39762e-08, 1.97392e-07, 0.958443)
bones/30/rotation = Quaternion(-0.565033, 0.11444, -0.00956298, 0.817037)
bones/31/rotation = Quaternion(3.04791e-08, 0.920355, -0.391084, -6.94849e-08)
bones/32/rotation = Quaternion(0.707107, -2.29302e-07, -4.60552e-08, 0.707107)
bones/33/position = Vector3(0.202182, 0.0259903, 0.205181)
bones/33/rotation = Quaternion(-0.707107, -7.05285e-08, -7.05285e-08, 0.707107)
bones/34/rotation = Quaternion(9.65792e-09, 1.77955e-09, 0.985719, -0.168398)
bones/35/rotation = Quaternion(-1.04035e-07, 0.391084, 0.920355, -2.9526e-08)
bones/37/rotation = Quaternion(1, -3.10863e-15, 1.94707e-07, -6.91739e-22)
bones/39/rotation = Quaternion(0.707107, -3.82385e-08, 1.45009e-07, 0.707107)
bones/40/rotation = Quaternion(-0.707107, -7.05285e-08, -7.05285e-08, 0.707107)
bones/41/rotation = Quaternion(-5.83589e-09, 6.43837e-10, 0.994809, 0.101756)
bones/42/rotation = Quaternion(-1.04035e-07, 0.391084, 0.920355, -2.95261e-08)
bones/47/position = Vector3(0.520841, 0.785282, -0.0576374)
bones/47/rotation = Quaternion(0.794627, -1.11759e-07, 0.607098, -5.96046e-08)
bones/49/position = Vector3(-0.510844, 0.785282, 0.0597369)
bones/49/rotation = Quaternion(-0.758253, -1.52737e-07, 0.651961, -1.11759e-08)

[node name="1H_Sword_Offhand" parent="Rig/Skeleton3D" index="0"]
transform = Transform3D(1.78401e-06, 0.262865, 0.964832, 0.999991, -0.00395771, 0.00107683, 0.00410194, 0.964824, -0.262862, 0.512185, 0.633425, -0.00243751)
visible = false

[node name="Badge_Shield" parent="Rig/Skeleton3D" index="1"]
transform = Transform3D(1.80643e-06, 0.262864, 0.964832, 0.999991, -0.00396025, 0.0010775, 0.00410456, 0.964824, -0.262862, 0.662589, 0.633593, -0.0434139)
visible = false

[node name="Rectangle_Shield" parent="Rig/Skeleton3D" index="2"]
transform = Transform3D(1.80643e-06, 0.262864, 0.964832, 0.999991, -0.00396025, 0.0010775, 0.00410456, 0.964824, -0.262862, 0.662589, 0.633593, -0.0434139)
visible = false

[node name="Round_Shield" parent="Rig/Skeleton3D" index="3"]
transform = Transform3D(1.80643e-06, 0.262864, 0.964832, 0.999991, -0.00396025, 0.0010775, 0.00410456, 0.964824, -0.262862, 0.662589, 0.633593, -0.0434139)
visible = false

[node name="Spike_Shield" parent="Rig/Skeleton3D" index="4"]
transform = Transform3D(1.80643e-06, 0.262864, 0.964832, 0.999991, -0.00396025, 0.0010775, 0.00410456, 0.964824, -0.262862, 0.662589, 0.633593, -0.0434139)
visible = false

[node name="1H_Sword" parent="Rig/Skeleton3D" index="5"]
transform = Transform3D(-0.000475411, -0.151982, 0.988382, 0.999997, -0.00201002, 0.000171656, 0.00196096, 0.988381, 0.151983, -0.496128, 0.637695, 0.139193)

[node name="2H_Sword" parent="Rig/Skeleton3D" index="6"]
transform = Transform3D(-0.000475426, -0.151982, 0.988382, 0.999997, -0.00201003, 0.00017167, 0.00196097, 0.988381, 0.151983, -0.496128, 0.637695, 0.139193)
visible = false

[node name="Knight_Helmet" parent="Rig/Skeleton3D" index="7"]
transform = Transform3D(0.99972, -1.40143e-09, 0.0236466, 1.39341e-09, 1, 3.55686e-10, -0.0236466, -3.22637e-10, 0.99972, 4.69869e-07, 1.2011, -1.19779e-07)

[node name="Knight_Cape" parent="Rig/Skeleton3D" index="8"]
transform = Transform3D(0.996275, -5.14962e-09, 0.0862353, 5.13043e-09, 1, 4.44077e-10, -0.0862353, 1.8939e-15, 0.996275, -1.63023e-08, 1.2011, -1.40136e-07)
visible = false

[node name="AnimationTree" type="AnimationTree" parent="." index="2"]
tree_root = ExtResource("3_e1wwt")
anim_player = NodePath("../AnimationPlayer")
parameters/action/current_state = ""
parameters/action/transition_request = ""
parameters/action/current_index = -1
parameters/action_shot/active = false
parameters/action_shot/internal_active = false
parameters/action_shot/request = 0
parameters/idle_variant/current_state = "idle"
parameters/idle_variant/transition_request = ""
parameters/idle_variant/current_index = 0
parameters/state/current_state = "idle"
parameters/state/transition_request = ""
parameters/state/current_index = 0
