[gd_scene load_steps=4 format=3 uid="uid://copj7y228fyf"]

[ext_resource type="PackedScene" uid="uid://yha7373t7a6f" path="res://scenes/servants/base_minion_model.tscn" id="1_rkdpm"]
[ext_resource type="ArrayMesh" uid="uid://b8snc42cuuumy" path="res://assets/skeletons/props/Skeleton_Crossbow.obj" id="2_dws5p"]
[ext_resource type="ArrayMesh" uid="uid://bd0jdw7eqiv25" path="res://assets/skeletons/props/Skeleton_Quiver.obj" id="3_2uc3k"]

[node name="SkeletonRangerModel" instance=ExtResource("1_rkdpm")]

[node name="Skeleton3D" parent="Rig" index="0"]
bones/1/position = Vector3(0.00841076, 0.376042, 1.21849e-10)
bones/1/rotation = Quaternion(0, -1.19209e-07, 0, 1)
bones/2/rotation = Quaternion(-0.0605995, -0.130282, -0.00797808, 0.989591)
bones/3/rotation = Quaternion(0.00384682, 0.000125773, -0.00102305, 0.999992)
bones/4/position = Vector3(0.248044, 0.110857, 0.0825816)
bones/4/rotation = Quaternion(-0.579319, -0.248665, -0.732228, 0.257676)
bones/5/rotation = Quaternion(4.98228e-08, -2.31252e-08, -0.558212, 0.829698)
bones/6/rotation = Quaternion(-9.73784e-11, -2.98437e-10, 0.0266581, 0.999645)
bones/7/rotation = Quaternion(-0.1894, -0.676221, -0.0528578, 0.709971)
bones/8/rotation = Quaternion(1.60975e-09, 1.60975e-09, -0.707107, 0.707107)
bones/9/position = Vector3(-0.176682, 0.111703, 0.0891542)
bones/9/rotation = Quaternion(-0.249955, 0.347357, 0.839938, 0.333721)
bones/10/rotation = Quaternion(6.08522e-09, 5.72943e-08, 0.568778, 0.822491)
bones/11/rotation = Quaternion(-9.73784e-11, 2.98437e-10, -0.0266581, 0.999645)
bones/12/rotation = Quaternion(-0.239344, 0.219574, -0.107803, 0.939617)
bones/13/rotation = Quaternion(0.155711, -0.189455, 0.670289, 0.700409)
bones/14/rotation = Quaternion(0.0829477, 0.130453, 0.00630127, 0.987958)
bones/15/rotation = Quaternion(0.993272, 0.0736179, 0.0395138, 0.080186)
bones/16/rotation = Quaternion(0.364504, 6.33069e-08, -2.58664e-07, 0.931202)
bones/17/rotation = Quaternion(-0.599606, -0.212894, 0.056373, 0.769397)
bones/18/rotation = Quaternion(2.86114e-05, 0.920143, -0.391583, -6.50383e-06)
bones/19/rotation = Quaternion(0.990513, -0.0394247, -0.0119208, 0.131105)
bones/20/rotation = Quaternion(0.401926, -6.50374e-08, 2.75668e-07, 0.915672)
bones/21/rotation = Quaternion(-0.609814, 0.111799, -0.0293109, 0.784072)
bones/22/rotation = Quaternion(-1.56238e-05, 0.920148, -0.391571, 3.79314e-06)
bones/23/rotation = Quaternion(0.707107, -2.29302e-07, -4.60552e-08, 0.707107)
bones/24/position = Vector3(0.170945, 0.0259903, 0.245789)
bones/24/rotation = Quaternion(-0.707107, -7.05285e-08, -7.05285e-08, 0.707107)
bones/25/position = Vector3(0.0308395, 0.382458, -2.86687e-15)
bones/25/rotation = Quaternion(1.00138e-08, 1.91522e-09, 0.984639, -0.174603)
bones/26/rotation = Quaternion(-1.04035e-07, 0.391084, 0.920355, -2.9526e-08)
bones/28/rotation = Quaternion(1, -3.10863e-15, 1.94707e-07, -6.91739e-22)
bones/30/rotation = Quaternion(0.707107, -3.82385e-08, 1.45009e-07, 0.707107)
bones/31/rotation = Quaternion(-0.707107, -7.05285e-08, -7.05285e-08, 0.707107)
bones/32/rotation = Quaternion(-5.83589e-09, 6.43837e-10, 0.994809, 0.101756)
bones/33/rotation = Quaternion(-1.04035e-07, 0.391084, 0.920355, -2.95261e-08)
bones/37/position = Vector3(0.839842, 0.719866, -0.447558)
bones/38/position = Vector3(0.340189, 0.815954, 0.410646)
bones/38/rotation = Quaternion(0.614081, 0.0653934, 0.461193, 0.637126)
bones/39/position = Vector3(-0.87741, 1.03555, -0.447559)
bones/40/position = Vector3(-0.338215, 0.824771, 0.276616)
bones/40/rotation = Quaternion(-0.326317, 0.224656, 0.904998, -0.154999)

[node name="LeftHandAttachment" parent="Rig/Skeleton3D" index="9"]
transform = Transform3D(0.507362, 0.566049, 0.649747, 0.179588, 0.66799, -0.722175, -0.842811, 0.483091, 0.237257, 0.243398, 0.818754, 0.547867)

[node name="RightHandAttachment" parent="Rig/Skeleton3D" index="10"]
transform = Transform3D(-0.21711, 0.768238, -0.602224, -0.616675, 0.370293, 0.69469, 0.756686, 0.522201, 0.39336, -0.281686, 0.690001, 0.350536)

[node name="SkeletonCrossbow" type="MeshInstance3D" parent="Rig/Skeleton3D/RightHandAttachment" index="0"]
transform = Transform3D(-4.37114e-08, 0, 1, 0, 1, 0, -1, 0, -4.37114e-08, 0, 0, 0)
mesh = ExtResource("2_dws5p")
skeleton = NodePath("../../../..")

[node name="SpineAttachment" type="BoneAttachment3D" parent="Rig/Skeleton3D" index="11"]
transform = Transform3D(0.965926, 0.0315801, -0.256885, -0.0020615, 0.993435, 0.114376, 0.258811, -0.109949, 0.95965, 0.0202529, 0.940205, -0.0441956)
bone_name = "chest"
bone_idx = 3

[node name="SkeletonQuiver" type="MeshInstance3D" parent="Rig/Skeleton3D/SpineAttachment" index="0"]
transform = Transform3D(-0.927185, -0.374607, -1.04308e-07, -0.374607, 0.927185, 7.45058e-09, 1.49012e-07, 2.98023e-08, -1, -0.0650167, -0.0364329, -0.386963)
mesh = ExtResource("3_2uc3k")
skeleton = NodePath("../../../..")

[node name="AnimationTree" parent="." index="2"]
active = false
